 0 |  2  2  5  4  5  2  2  3  2  1 |  0 
----------------------------------------
 3 |  7  3  5  2  1  9  4  6  8 10 |  1 
 2 |  3 10  1  8  7  6  2  4  5  9 |  2 
 4 |  5  1  6  3  8  2 10  9  4  7 |  3 
 5 |  2  4  8  1  9  7  3 10  6  5 |  3 
 1 | 10  6  9  4  5  3  7  8  1  2 |  4 
 3 |  1  5 10  6  2  8  9  3  7  4 |  4 
 2 |  9  2  4  5  6  1  8  7 10  3 |  2 
 3 |  8  9  3  7 10  4  5  1  2  6 |  2 
 4 |  6  7  2  9  4 10  1  5  3  8 |  2 
 3 |  4  8  7 10  3  5  6  2  9  1 |  3 
----------------------------------------
 0 |  5  3  2  1  3  2  4  5  2  4 |  0 
