 0 |  3  2  3  2  2  4  3  1  3 |  0 
-------------------------------------
 3 |  5  4  3  2  8  1  7  9  6 |  2 
 3 |  7  2  8  9  3  5  1  6  4 |  3 
 2 |  6  1  9  5  7  2  8  4  3 |  4 
 1 |  9  3  4  6  1  7  2  8  5 |  3 
 2 |  1  9  5  3  2  4  6  7  8 |  2 
 3 |  4  8  2  1  6  9  5  3  7 |  2 
 6 |  3  5  6  7  4  8  9  2  1 |  3 
 2 |  8  7  1  4  9  6  3  5  2 |  4 
 5 |  2  6  7  8  5  3  4  1  9 |  1 
-------------------------------------
 0 |  3  4  2  2  2  4  2  5  1 |  0 
